CHEM,215
CHEM,231
CHEM,232
CHEM,353
CHEM,491
